(mChi, mPhi)         xsec                 s95(exp)             s95(obs)            
(10, 100)            1981.002891          0.1094450            0.1135844
(10, 300)            27.72093818          0.1085754            0.1118142
(100, 300)           21.0888169           0.1068400            0.1105652
(200, 300)           14.46820016          0.1027042            0.1069510
(10, 400)            8.782172702          0.1072759            0.1110270
(100, 400)           6.888270983          0.1060581            0.1096404
(200, 400)           4.861236276          0.0900371            0.1092043
(300, 400)           3.500422343          0.1030505            0.1070773
(10, 500)            3.537828275          0.1040215            0.1076531
(100, 500)           2.840752454          0.1025998            0.1065014
(200, 500)           2.048750868          0.1084742            0.1125979
(300, 500)           1.489624904          0.1086886            0.1120484
(400, 500)           1.115367876          0.1038633            0.1079236
(10, 700)            0.9087767419         0.1076951            0.1108111
(100, 700)           0.7331688653         0.1008613            0.1042867
(200, 700)           0.542835097          0.1019186            0.1056429
(300, 700)           0.4003331228         0.1009723            0.1045324
(400, 700)           0.2987089937         0.1067780            0.1102754
(500, 700)           0.2287654197         0.1067911            0.1108322
(600, 700)           0.1775571476         0.1061099            0.1091145
(10, 1000)           0.21519616198        0.1042542            0.1082579
(100, 1000)          0.1745815638         0.1053601            0.1093807
(200, 1000)          0.12989838764        0.1064214            0.1095752
(300, 1000)          0.09566543642        0.1051103            0.1090304
(400, 1000)          0.07154932652        0.1074652            0.1117111
(500, 1000)          0.05453243965        0.1036624            0.1081533
(600, 1000)          0.041878281          0.1036958            0.1076660
(700, 1000)          0.03258675156        0.1053860            0.1081896
(800, 1000)          0.02585125495        0.1101030            0.1140772
(10, 1200)           0.10416242633        0.1017183            0.1057537
(100, 1200)          0.08402970375        0.0887706            0.1081986
(200, 1200)          0.06230816031        0.0874308            0.1066255
(300, 1200)          0.04614408207        0.1097981            0.1137070
(400, 1200)          0.03446232613        0.1044717            0.1077500
(500, 1200)          0.02593917412        0.1085737            0.1120563
(600, 1200)          0.01981200971        0.1075076            0.1121398
(700, 1200)          0.01526074656        0.1040164            0.1078440
(800, 1200)          0.01193095733        0.1050086            0.1093166
(1000, 1200)         0.00752312602        0.1041446            0.1074109
(10, 1400)           0.056459653193       0.1087827            0.1125419
(100, 1400)          0.045950249736       0.1087393            0.1130920
(200, 1400)          0.033818442454       0.1091660            0.1113335
(300, 1400)          0.024918601434       0.1095663            0.1133946
(400, 1400)          0.01847042859        0.1080580            0.1121318
(500, 1400)          0.013848316091       0.0987569            0.1021453
(600, 1400)          0.01048509601        0.1119851            0.1156330
(700, 1400)          0.008005787767       0.1069816            0.1103582
(800, 1400)          0.006194822745       0.1068459            0.1104670
(1000, 1400)         0.003804149652       0.1109455            0.1148404
(1200, 1400)         0.002421301057       0.1079150            0.1108742
(10, 1500)           0.042989099759       0.1027266            0.1067493
(100, 1500)          0.035241159143       0.1062637            0.1098050
(200, 1500)          0.025828423701       0.1065472            0.1097383
(300, 1500)          0.019003351688       0.1056695            0.1094175
(400, 1500)          0.014066902402       0.1041709            0.1076986
(500, 1500)          0.010478200984       0.1036859            0.1076194
(600, 1500)          0.007894780909       0.1124980            0.1178421
(700, 1500)          0.005998183379       0.1073696            0.1101714
(800, 1500)          0.004610850783       0.1074138            0.1107936
(1000, 1500)         0.002805823076       0.1083551            0.1119316
(1200, 1500)         0.001768630532       0.1046851            0.1081186
(1400, 1500)         0.001136383794       0.1092072            0.1123627
(10, 2000)           0.0139704786528      0.1078417            0.1116104
(100, 2000)          0.0116177299746      0.1057746            0.1094331
(200, 2000)          0.0085529599033      0.1007816            0.1049598
(300, 2000)          0.0062553690327      0.1071197            0.1105445
(400, 2000)          0.0045797814025      0.1031996            0.1067300
(500, 2000)          0.0033632782027      0.1027872            0.1056804
(600, 2000)          0.0024900854451      0.1039985            0.1071919
(700, 2000)          0.0018542419282      0.1112038            0.1156245
(800, 2000)          0.0013922373603      0.1000000            0.1027811
(1000, 2000)         0.0008016893764      0.1060076            0.1103100
(1200, 2000)         0.0004699490222      0.1112231            0.1156077
(1400, 2000)         0.0002843814578      0.1058384            0.1102367
(1600, 2000)         0.0001760577007      0.1074172            0.1113079
(10, 2500)           0.00598638617674     0.1058106            0.1097205
(100, 2500)          0.00501598938311     0.1070523            0.1108782
(200, 2500)          0.00370849236653     0.1066281            0.1101980
(300, 2500)          0.00271155955614     0.1035794            0.1076840
(400, 2500)          0.00198184597925     0.1114427            0.1151813
(500, 2500)          0.00145083853414     0.1096211            0.1132925
(600, 2500)          0.00106415148055     0.1091548            0.1123847
(700, 2500)          0.00078702778796     0.0861078            0.1044676
(800, 2500)          0.00058167872571     0.1029768            0.1061957
(1000, 2500)         0.00032141329643     0.1077341            0.1107318
(1200, 2500)         0.00017926539327     0.1037792            0.1078076
(1400, 2500)         0.00010143322119     0.0916365            0.1117552
(1600, 2500)         5.832843104e-05      0.1084307            0.1116032
(2000, 2500)         2.02555255e-05       0.1074032            0.1115190
(10, 3000)           0.0029889389019      0.1071157            0.1104351
(100, 3000)          0.00253470498176     0.1064700            0.1104323
(200, 3000)          0.001882712903       0.1094149            0.1130212
(300, 3000)          0.00138685768456     0.1100180            0.1140008
(400, 3000)          0.00101887022414     0.1033555            0.1079746
(500, 3000)          0.000747702710646    0.1036826            0.1075382
(600, 3000)          0.000548363879095    0.1076443            0.1121391
(700, 3000)          0.000404955149683    0.1073113            0.1110523
(800, 3000)          0.000297111123972    0.1036504            0.1072857
(1000, 3000)         0.000161184319054    0.1043874            0.1080169
(1200, 3000)         8.7459304775e-05     0.1047220            0.1081488
(1400, 3000)         4.7739333152e-05     0.1038179            0.1064389
(1600, 3000)         2.6014826934e-05     0.1039657            0.1078322
(2000, 3000)         7.791869031e-06      0.1015304            0.1042118
(10, 3500)           0.00165829730989     0.1082749            0.1119973
(100, 3500)          0.00142641179691     0.1058235            0.1097348
(200, 3500)          0.00106400858066     0.1068735            0.1112543
(300, 3500)          0.000790051761239    0.1101933            0.1147543
(400, 3500)          0.000583145943497    0.1037610            0.1079899
(500, 3500)          0.000431284782448    0.1083623            0.1123494
(600, 3500)          0.000317798976876    0.1070039            0.1104529
(700, 3500)          0.000233960517611    0.1087731            0.1120826
(800, 3500)          0.000172133886496    0.1101980            0.1139403
(1000, 3500)         9.38635190438e-05    0.1084983            0.1123273
(1200, 3500)         5.05358249889e-05    0.1050390            0.1083171
(1400, 3500)         2.69935497476e-05    0.1096309            0.1133769
(1600, 3500)         1.43753778039e-05    0.1043632            0.1082467
(2000, 3500)         3.9650331284e-06     0.1063266            0.1101773
(10, 4000)           0.00101572481001     0.1115636            0.1153990
(100, 4000)          0.000859364509975    0.1056511            0.1097280
(200, 4000)          0.000649007880015    0.1065174            0.1102150
(300, 4000)          0.000484931956009    0.1070160            0.1104603
(400, 4000)          0.000360851242059    0.0903938            0.1098051
(500, 4000)          0.000266485123375    0.1006335            0.1048688
(600, 4000)          0.00019840248442     0.1056999            0.1086388
(700, 4000)          0.000146862219115    0.1066220            0.1102467
(800, 4000)          0.000108640566749    0.1063421            0.1101466
(1000, 4000)         5.94808706155e-05    0.1028141            0.1075658
(1200, 4000)         3.21149443321e-05    0.1070282            0.1109794
(1400, 4000)         1.71157232173e-05    0.1073745            0.1116642
(1600, 4000)         9.08189940771e-06    0.1037099            0.1074675
(2000, 4000)         2.40839865122e-06    0.1080803            0.1125012
