(10, 100) 1.949847e+00 1981.002891
(10, 300) 5.955055e+00 27.72093818
(100, 300) 4.715702e+00 21.0888169
(200, 300) 1.842071e+00 14.46820016
(10, 400) 7.947803e+00 8.782172702
(100, 400) 6.994114e+00 6.888270983
(200, 400) 4.476233e+00 4.861236276
(300, 400) 1.523163e+00 3.500422343
(10, 500) 9.939228e+00 3.537828275
(100, 500) 9.167325e+00 2.840752454
(200, 500) 7.018733e+00 2.048750868
(300, 500) 4.074367e+00 1.489624904
(400, 500) 1.289155e+00 1.115367876
(10, 700) 1.392037e+01 0.9087767419
(100, 700) 1.336345e+01 0.7331688653
(200, 700) 1.174522e+01 0.542835097
(300, 700) 9.280172e+00 0.4003331228
(400, 700) 6.316317e+00 0.2987089937
(500, 700) 3.340862e+00 0.2287654197
(600, 700) 9.802181e-01 0.1775571476
(10, 1000) 1.989039e+01 0.21519616198
(100, 1000) 1.949847e+01 0.1745815638
(200, 1000) 1.833465e+01 0.12989838764
(300, 1000) 1.647453e+01 0.09566543642
(400, 1000) 1.403747e+01 0.07154932652
(500, 1000) 1.119058e+01 0.05453243965
(600, 1000) 8.148733e+00 0.041878281
(700, 1000) 5.174525e+00 0.03258675156
(800, 1000) 2.578310e+00 0.02585125495
(10, 1200) 2.386993e+01 0.10416242633
(100, 1200) 2.354282e+01 0.08402970375
(200, 1200) 2.256537e+01 0.06230816031
(300, 1200) 2.098234e+01 0.04614408207
(400, 1200) 1.886281e+01 0.03446232613
(500, 1200) 1.630348e+01 0.02593917412
(600, 1200) 1.342870e+01 0.01981200971
(700, 1200) 1.039043e+01 0.01526074656
(800, 1200) 7.368284e+00 0.01193095733
(1000, 1200) 2.228906e+00 0.00752312602
(10, 1400) 2.784927e+01 0.056459653193
(100, 1400) 2.756863e+01 0.045950249736
(200, 1400) 2.672689e+01 0.033818442454
(300, 1400) 2.535299e+01 0.024918601434
(400, 1400) 2.349043e+01 0.01847042859
(500, 1400) 2.120012e+01 0.013848316091
(600, 1400) 1.856034e+01 0.01048509601
(700, 1400) 1.566681e+01 0.008005787767
(800, 1400) 1.263263e+01 0.006194822745
(1000, 1400) 6.681724e+00 0.003804149652
(1200, 1400) 1.960436e+00 0.002421301057
(10, 1500) 2.983890e+01 0.042989099759
(100, 1500) 2.957688e+01 0.035241159143
(200, 1500) 2.878995e+01 0.025828423701
(300, 1500) 2.750197e+01 0.019003351688
(400, 1500) 2.574832e+01 0.014066902402
(500, 1500) 2.357851e+01 0.010478200984
(600, 1500) 2.105620e+01 0.007894780909
(700, 1500) 1.825920e+01 0.005998183379
(800, 1500) 1.527946e+01 0.004610850783
(1000, 1500) 9.210356e+00 0.002805823076
(1200, 1500) 3.867465e+00 0.001768630532
(1400, 1500) 4.957382e-01 0.001136383794
(10, 2000) 3.978675e+01 0.0139704786528
(100, 2000) 3.959004e+01 0.0116177299746
(200, 2000) 3.899694e+01 0.0085529599033
(300, 2000) 3.801839e+01 0.0062553690327
(400, 2000) 3.666930e+01 0.0045797814025
(500, 2000) 3.497057e+01 0.0033632782027
(600, 2000) 3.294905e+01 0.0024900854451
(700, 2000) 3.063758e+01 0.0018542419282
(800, 2000) 2.807493e+01 0.0013922373603
(1000, 2000) 2.238116e+01 0.0008016893764
(1200, 2000) 1.629747e+01 0.0004699490222
(1400, 2000) 1.034905e+01 0.0002843814578
(1600, 2000) 5.156620e+00 0.0001760577007
(10, 2500) 4.973433e+01 0.00598638617674
(100, 2500) 4.957689e+01 0.00501598938311
(200, 2500) 4.910134e+01 0.00370849236653
(300, 2500) 4.831384e+01 0.00271155955614
(400, 2500) 4.722204e+01 0.00198184597925
(500, 2500) 4.583662e+01 0.00145083853414
(600, 2500) 4.417135e+01 0.00106415148055
(700, 2500) 4.224303e+01 0.00078702778796
(800, 2500) 4.007152e+01 0.00058167872571
(1000, 2500) 3.509366e+01 0.00032141329643
(1200, 2500) 2.945780e+01 0.00017926539327
(1400, 2500) 2.343283e+01 0.00010143322119
(1600, 2500) 1.733656e+01 5.832843104e-05
(2000, 2500) 6.445775e+00 2.02555255e-05
(10, 3000) 5.968178e+01 0.0029889389019
(100, 3000) 5.955055e+01 0.00253470498176
(200, 3000) 5.915377e+01 0.001882712903
(300, 3000) 5.849541e+01 0.00138685768456
(400, 3000) 5.757990e+01 0.00101887022414
(500, 3000) 5.641343e+01 0.000747702710646
(600, 3000) 5.500395e+01 0.000548363879095
(700, 3000) 5.336119e+01 0.000404955149683
(800, 3000) 5.149664e+01 0.000297111123972
(1000, 3000) 4.715702e+01 0.000161184319054
(1200, 3000) 4.211240e+01 8.7459304775e-05
(1400, 3000) 3.651840e+01 4.7739333152e-05
(1600, 3000) 3.055893e+01 2.6014826934e-05
(2000, 3000) 1.842071e+01 7.791869031e-06
(10, 3500) 6.962915e+01 0.00165829730989
(100, 3500) 6.951665e+01 0.00142641179691
(200, 3500) 6.917630e+01 0.00106400858066
(300, 3500) 6.861091e+01 0.000790051761239
(400, 3500) 6.782325e+01 0.000583145943497
(500, 3500) 6.681724e+01 0.000431284782448
(600, 3500) 6.559787e+01 0.000317798976876
(700, 3500) 6.417127e+01 0.000233960517611
(800, 3500) 6.254469e+01 0.000172133886496
(1000, 3500) 5.872609e+01 9.38635190438e-05
(1200, 3500) 5.422223e+01 5.05358249889e-05
(1400, 3500) 4.913113e+01 2.69935497476e-05
(1600, 3500) 4.356860e+01 1.43753778039e-05
(2000, 3500) 3.158158e+01 3.9650331284e-06
(10, 4000) 7.957648e+01 0.00101572481001
(100, 4000) 7.947803e+01 0.000859364509975
(200, 4000) 7.918008e+01 0.000649007880015
(300, 4000) 7.868474e+01 0.000484931956009
(400, 4000) 7.799388e+01 0.000360851242059
(500, 4000) 7.711010e+01 0.000266485123375
(600, 4000) 7.603677e+01 0.00019840248442
(700, 4000) 7.477799e+01 0.000146862219115
(800, 4000) 7.333860e+01 0.000108640566749
(1000, 4000) 6.994114e+01 5.94808706155e-05
(1200, 4000) 6.589810e+01 3.21149443321e-05
(1400, 4000) 6.127515e+01 1.71157232173e-05
(1600, 4000) 5.614986e+01 9.08189940771e-06
(2000, 4000) 4.476233e+01 2.40839865122e-06
